,Unnamed: 0,Noise Type,SQA1,SQA2,SQA3,SQA4
0,0,5,0.0,1.0,0.0,0.0
1,1,15,0.0,1.0,0.05,0.0
2,2,25,0.0,1.0,1.0,1.0
3,3,35,0.01,1.0,1.0,1.0
4,4,45,0.02,1.0,1.0,1.0
5,5,55,0.44,1.0,1.0,1.0
6,6,65,0.94,1.0,1.0,1.0
7,7,75,1.0,1.0,1.0,1.0
8,8,85,1.0,1.0,1.0,1.0
9,9,95,1.0,1.0,1.0,1.0
10,10,105,0.99,1.0,1.0,1.0
11,11,115,1.0,1.0,1.0,1.0
12,12,125,0.65,1.0,1.0,1.0
13,13,135,0.97,1.0,1.0,1.0
14,14,145,1.0,1.0,1.0,1.0
15,15,155,0.94,1.0,1.0,1.0
16,16,165,0.2,1.0,1.0,1.0
17,17,175,0.0,1.0,1.0,1.0
18,18,185,0.0,1.0,1.0,1.0
19,19,195,0.0,1.0,1.0,1.0
20,20,205,0.0,1.0,1.0,1.0
21,21,215,0.0,1.0,1.0,1.0
22,22,225,0.0,1.0,1.0,1.0
23,23,235,0.0,1.0,1.0,1.0
24,24,245,0.0,1.0,1.0,1.0
25,25,255,0.0,1.0,1.0,0.94
26,26,265,0.0,1.0,1.0,0.43
27,27,275,0.0,1.0,1.0,0.75
28,28,285,0.0,1.0,1.0,0.61
29,29,295,0.0,1.0,1.0,0.81
30,30,305,0.0,1.0,1.0,0.81
31,31,315,0.0,1.0,1.0,0.82
32,32,325,0.01,1.0,1.0,0.95
33,33,335,0.01,1.0,1.0,0.98
34,34,345,0.0,1.0,1.0,0.75
35,35,355,0.0,1.0,1.0,0.83
36,36,365,0.0,1.0,1.0,0.84
37,37,375,0.01,1.0,1.0,0.81
38,38,385,0.01,1.0,1.0,0.93
39,39,395,0.0,1.0,1.0,0.9
40,40,405,0.0,1.0,1.0,0.48
41,41,415,0.01,1.0,1.0,0.14
42,42,425,0.01,1.0,1.0,0.65
43,43,435,0.0,1.0,1.0,0.08
44,44,445,0.01,1.0,1.0,0.09
45,45,455,0.0,1.0,1.0,0.21
46,46,465,0.0,1.0,1.0,0.08
47,47,475,0.0,1.0,1.0,0.04
48,48,485,0.0,1.0,1.0,0.14
49,49,495,0.0,1.0,1.0,0.03
50,50,505,0.0,1.0,0.19,0.0
51,51,515,0.0,1.0,0.13,0.07
52,52,525,0.0,1.0,1.0,0.1
53,53,535,0.0,1.0,1.0,0.02
54,54,545,0.0,1.0,1.0,0.06
55,55,555,0.0,1.0,0.1,0.02
56,56,565,0.0,1.0,0.04,0.0
57,57,575,0.0,1.0,1.0,0.89
58,58,585,0.0,1.0,1.0,0.9
59,59,595,0.0,1.0,1.0,0.96
60,60,605,0.0,1.0,0.05,0.03
61,61,615,0.0,1.0,0.04,0.03
62,62,625,0.0,1.0,0.02,0.01
63,63,635,0.0,1.0,0.03,0.0
64,64,645,0.0,1.0,1.0,0.85
65,65,655,0.0,1.0,1.0,0.89
66,66,665,0.0,1.0,0.16,0.0
67,67,675,0.0,1.0,0.99,0.0
68,68,685,0.0,1.0,0.02,0.0
69,69,695,0.0,1.0,0.03,0.0
70,70,705,0.0,1.0,0.0,0.0
71,71,715,0.0,1.0,0.0,0.0
72,72,725,0.0,1.0,0.0,0.0
73,73,735,0.01,1.0,0.0,0.0
74,74,745,0.27,1.0,0.08,0.0
75,75,755,0.43,1.0,0.15,0.0
76,76,765,0.0,0.58,0.16,0.0
77,77,775,0.0,1.0,1.0,0.0
78,78,785,0.0,1.0,0.02,0.0
79,79,795,0.0,1.0,0.0,0.0
80,80,805,0.0,1.0,0.0,0.0
81,81,815,0.0,1.0,0.0,0.0
82,82,825,0.0,1.0,0.0,0.0
83,83,835,0.0,1.0,0.0,0.0
84,84,845,0.0,0.98,0.0,0.0
85,85,855,0.01,0.99,0.03,0.0
86,86,865,0.0,1.0,0.08,0.0
87,87,875,0.0,1.0,0.06,0.0
88,88,885,0.0,0.91,0.0,0.0
89,89,895,0.0,0.85,0.0,0.0
90,90,905,0.0,0.99,0.12,0.0
91,91,915,0.0,0.98,0.01,0.0
92,92,925,0.0,0.79,0.0,0.0
93,93,935,0.0,0.05,0.0,0.0
94,94,945,0.0,0.13,0.0,0.0
95,95,955,0.0,0.1,0.0,0.0
96,96,965,0.0,0.13,0.0,0.0
97,97,975,0.0,0.07,0.0,0.0
98,98,985,0.0,0.1,0.0,0.0
99,99,995,0.0,0.13,0.0,0.0
