,Unnamed: 0,Noise Type,SQA1,SQA2,SQA3,SQA4
0,0,0,1.0,1.0,1.0,1.0
1,1,5,1.0,1.0,1.0,1.0
2,2,10,1.0,0.99,1.0,1.0
3,3,15,1.0,0.94,1.0,1.0
4,4,20,0.99,0.86,1.0,1.0
5,5,25,1.0,0.84,1.0,1.0
6,6,30,0.99,0.83,0.99,0.99
7,7,35,0.99,0.66,0.99,0.99
8,8,40,0.96,0.63,0.97,0.97
9,9,45,0.95,0.57,0.95,0.95
10,10,50,0.91,0.56,0.93,0.93
11,11,55,0.93,0.52,0.94,0.94
12,12,60,0.88,0.5,0.9,0.9
13,13,65,0.86,0.46,0.86,0.86
14,14,70,0.89,0.4,0.9,0.9
15,15,75,0.89,0.43,0.88,0.88
16,16,80,0.84,0.42,0.85,0.85
17,17,85,0.84,0.38,0.83,0.83
18,18,90,0.74,0.31,0.74,0.74
19,19,95,0.76,0.41,0.82,0.82
20,20,100,0.76,0.27,0.78,0.78
21,21,105,0.73,0.36,0.77,0.77
22,22,110,0.78,0.35,0.79,0.79
23,23,115,0.76,0.25,0.76,0.76
24,24,120,0.66,0.27,0.67,0.67
25,25,125,0.67,0.3,0.69,0.69
26,26,130,0.66,0.29,0.66,0.66
27,27,135,0.58,0.23,0.63,0.63
28,28,140,0.64,0.28,0.64,0.64
29,29,145,0.65,0.23,0.65,0.65
30,30,150,0.52,0.26,0.56,0.56
31,31,155,0.56,0.16,0.59,0.59
32,32,160,0.68,0.27,0.69,0.69
33,33,165,0.58,0.2,0.6,0.6
34,34,170,0.59,0.22,0.6,0.6
35,35,175,0.49,0.16,0.5,0.5
36,36,180,0.58,0.17,0.6,0.6
37,37,185,0.54,0.14,0.54,0.54
38,38,190,0.52,0.27,0.57,0.57
39,39,195,0.61,0.28,0.65,0.65
40,40,200,0.55,0.22,0.59,0.59
41,41,205,0.5,0.18,0.51,0.51
42,42,210,0.43,0.11,0.45,0.45
43,43,215,0.46,0.19,0.45,0.45
44,44,220,0.44,0.16,0.46,0.46
45,45,225,0.39,0.14,0.42,0.42
46,46,230,0.54,0.15,0.56,0.56
47,47,235,0.48,0.22,0.45,0.45
48,48,240,0.5,0.14,0.49,0.49
49,49,245,0.43,0.12,0.45,0.45
50,50,250,0.49,0.21,0.51,0.51
51,51,255,0.45,0.24,0.47,0.47
52,52,260,0.55,0.26,0.55,0.55
53,53,265,0.48,0.24,0.52,0.52
54,54,270,0.35,0.16,0.4,0.4
55,55,275,0.42,0.14,0.39,0.39
56,56,280,0.45,0.18,0.46,0.46
57,57,285,0.41,0.19,0.43,0.43
58,58,290,0.44,0.17,0.44,0.44
59,59,295,0.28,0.08,0.29,0.29
60,60,300,0.44,0.16,0.44,0.44
61,61,305,0.37,0.15,0.37,0.37
62,62,310,0.41,0.09,0.43,0.43
63,63,315,0.36,0.13,0.36,0.36
64,64,320,0.31,0.08,0.33,0.33
65,65,325,0.36,0.12,0.38,0.38
66,66,330,0.4,0.12,0.41,0.41
67,67,335,0.35,0.12,0.35,0.35
68,68,340,0.34,0.1,0.33,0.33
69,69,345,0.36,0.12,0.39,0.39
70,70,350,0.33,0.1,0.32,0.32
71,71,355,0.27,0.09,0.27,0.27
72,72,360,0.29,0.11,0.29,0.29
73,73,365,0.36,0.14,0.39,0.39
74,74,370,0.4,0.16,0.43,0.43
75,75,375,0.32,0.08,0.32,0.32
76,76,380,0.29,0.09,0.32,0.32
77,77,385,0.31,0.09,0.31,0.31
78,78,390,0.35,0.11,0.38,0.38
79,79,395,0.27,0.1,0.29,0.29
80,80,400,0.36,0.09,0.37,0.37
81,81,405,0.31,0.1,0.3,0.3
82,82,410,0.36,0.14,0.4,0.4
83,83,415,0.23,0.07,0.23,0.23
84,84,420,0.31,0.12,0.31,0.31
85,85,425,0.26,0.07,0.28,0.28
86,86,430,0.29,0.09,0.29,0.29
87,87,435,0.29,0.06,0.3,0.3
88,88,440,0.26,0.07,0.27,0.27
89,89,445,0.27,0.11,0.27,0.27
90,90,450,0.29,0.07,0.31,0.31
91,91,455,0.3,0.11,0.31,0.31
92,92,460,0.27,0.07,0.27,0.27
93,93,465,0.31,0.11,0.3,0.3
94,94,470,0.3,0.1,0.32,0.32
95,95,475,0.25,0.08,0.27,0.27
96,96,480,0.29,0.13,0.29,0.29
97,97,485,0.27,0.09,0.26,0.26
98,98,490,0.25,0.1,0.25,0.25
99,99,495,0.23,0.11,0.23,0.23
