,Unnamed: 0,Noise Type,SQA1,SQA2,SQA3,SQA4,Unnamed: 0.1
0,0.0,0,1.0,1.0,1.0,1.0,
1,1.0,2,0.95,1.0,1.0,1.0,
2,2.0,4,0.9,1.0,1.0,1.0,
3,3.0,6,0.91,1.0,1.0,1.0,
4,4.0,8,0.74,1.0,1.0,1.0,
5,5.0,10,0.73,1.0,1.0,1.0,
6,6.0,12,0.71,1.0,1.0,1.0,
7,7.0,14,0.65,1.0,1.0,1.0,
8,8.0,16,0.62,1.0,1.0,1.0,
9,9.0,18,0.66,1.0,1.0,1.0,
10,10.0,20,0.52,1.0,1.0,1.0,
11,11.0,22,0.52,1.0,1.0,1.0,
12,12.0,24,0.52,1.0,1.0,1.0,
13,13.0,26,0.42,1.0,1.0,1.0,
14,14.0,28,0.39,1.0,1.0,1.0,
15,15.0,30,0.29,1.0,1.0,1.0,
16,16.0,32,0.35,1.0,1.0,1.0,
17,17.0,34,0.31,1.0,1.0,1.0,
18,18.0,36,0.31,1.0,1.0,1.0,
19,19.0,38,0.17,1.0,1.0,1.0,
20,20.0,40,0.11,0.99,1.0,1.0,
21,21.0,42,0.11,1.0,1.0,1.0,
22,22.0,44,0.03,1.0,1.0,1.0,
23,23.0,46,0.08,1.0,1.0,0.99,
24,24.0,48,0.0,1.0,1.0,0.99,
25,25.0,50,0.01,1.0,1.0,0.98,
26,26.0,52,0.0,1.0,1.0,0.99,
27,27.0,54,0.01,0.97,1.0,0.99,
28,28.0,56,0.0,0.99,1.0,0.99,
29,29.0,58,0.0,0.99,1.0,0.99,
30,30.0,60,0.0,0.96,1.0,0.98,
31,31.0,62,0.0,1.0,1.0,0.97,
32,32.0,64,0.0,0.98,1.0,0.94,
33,33.0,66,0.0,0.99,1.0,0.92,
34,34.0,68,0.0,1.0,1.0,0.95,
35,35.0,70,0.0,1.0,1.0,0.95,
36,36.0,72,0.0,0.97,1.0,0.95,
37,37.0,74,0.0,1.0,1.0,0.92,
38,38.0,76,0.0,0.99,1.0,0.92,
39,39.0,78,0.0,0.98,1.0,0.82,
40,40.0,80,0.0,0.99,1.0,0.92,
41,41.0,82,0.0,0.97,1.0,0.85,
42,42.0,84,0.0,0.92,1.0,0.86,
43,43.0,86,0.0,0.97,1.0,0.85,
44,44.0,88,0.0,0.96,1.0,0.76,
45,45.0,90,0.0,0.94,1.0,0.81,
46,46.0,92,0.0,0.9,1.0,0.84,
47,47.0,94,0.0,0.89,1.0,0.76,
48,48.0,96,0.0,0.93,1.0,0.74,
49,49.0,98,0.0,0.93,1.0,0.78,
50,50.0,100,0.0,0.9,1.0,0.73,0.0
51,51.0,102,0.0,0.89,1.0,0.66,1.0
52,52.0,104,0.0,0.83,1.0,0.75,2.0
53,53.0,106,0.0,0.85,1.0,0.68,3.0
54,54.0,108,0.0,0.83,1.0,0.69,4.0
55,55.0,110,0.0,0.8,1.0,0.62,5.0
56,56.0,112,0.0,0.85,1.0,0.69,6.0
57,57.0,114,0.0,0.75,1.0,0.59,7.0
58,58.0,116,0.0,0.72,1.0,0.63,8.0
59,59.0,118,0.0,0.76,1.0,0.52,9.0
60,60.0,120,0.0,0.75,1.0,0.61,10.0
61,61.0,122,0.0,0.73,1.0,0.61,11.0
62,62.0,124,0.0,0.77,1.0,0.5,12.0
63,63.0,126,0.0,0.77,1.0,0.49,13.0
64,64.0,128,0.0,0.69,1.0,0.57,14.0
65,65.0,130,0.0,0.68,1.0,0.53,15.0
66,66.0,132,0.0,0.77,1.0,0.48,16.0
67,67.0,134,0.0,0.56,1.0,0.44,17.0
68,68.0,136,0.0,0.63,1.0,0.42,18.0
69,69.0,138,0.0,0.67,1.0,0.45,19.0
70,70.0,140,0.0,0.67,1.0,0.49,20.0
71,71.0,142,0.0,0.59,1.0,0.44,21.0
72,72.0,144,0.0,0.69,1.0,0.58,22.0
73,73.0,146,0.0,0.53,1.0,0.48,23.0
74,74.0,148,0.0,0.61,1.0,0.4,24.0
75,75.0,150,0.0,0.48,1.0,0.52,25.0
76,76.0,152,0.0,0.53,1.0,0.37,26.0
77,77.0,154,0.0,0.54,1.0,0.4,27.0
78,78.0,156,0.0,0.53,1.0,0.35,28.0
79,79.0,158,0.0,0.42,1.0,0.36,29.0
80,80.0,160,0.0,0.44,1.0,0.44,30.0
81,81.0,162,0.0,0.44,1.0,0.42,31.0
82,82.0,164,0.0,0.48,1.0,0.41,32.0
83,83.0,166,0.0,0.4,1.0,0.37,33.0
84,84.0,168,0.0,0.43,1.0,0.37,34.0
85,85.0,170,0.0,0.47,1.0,0.36,35.0
86,86.0,172,0.0,0.36,1.0,0.3,36.0
87,87.0,174,0.0,0.33,1.0,0.3,37.0
88,88.0,176,0.0,0.55,1.0,0.32,38.0
89,89.0,178,0.0,0.29,1.0,0.3,39.0
90,90.0,180,0.0,0.36,1.0,0.35,40.0
91,91.0,182,0.0,0.41,1.0,0.32,41.0
92,92.0,184,0.0,0.35,1.0,0.32,42.0
93,93.0,186,0.0,0.4,1.0,0.32,43.0
94,94.0,188,0.0,0.33,1.0,0.32,44.0
95,95.0,190,0.0,0.35,1.0,0.34,45.0
96,96.0,192,0.0,0.36,1.0,0.24,46.0
97,97.0,194,0.0,0.33,1.0,0.35,47.0
98,98.0,196,0.0,0.34,1.0,0.28,48.0
99,99.0,198,0.0,0.38,1.0,0.35,49.0
100,,200,0.0,0.31,1.0,0.3,50.0
101,,202,0.0,0.28,1.0,0.26,51.0
102,,204,0.0,0.28,1.0,0.31,52.0
103,,206,0.0,0.31,1.0,0.28,53.0
104,,208,0.0,0.27,1.0,0.25,54.0
105,,210,0.0,0.23,1.0,0.21,55.0
106,,212,0.0,0.31,1.0,0.2,56.0
107,,214,0.0,0.25,1.0,0.23,57.0
108,,216,0.0,0.25,1.0,0.29,58.0
109,,218,0.0,0.25,1.0,0.22,59.0
110,,220,0.0,0.28,1.0,0.24,60.0
111,,222,0.0,0.17,1.0,0.21,61.0
112,,224,0.0,0.18,1.0,0.22,62.0
113,,226,0.0,0.18,1.0,0.25,63.0
114,,228,0.0,0.26,1.0,0.23,64.0
115,,230,0.0,0.23,1.0,0.22,65.0
116,,232,0.0,0.21,1.0,0.18,66.0
117,,234,0.0,0.21,1.0,0.26,67.0
118,,236,0.0,0.25,1.0,0.2,68.0
119,,238,0.0,0.24,1.0,0.17,69.0
120,,240,0.0,0.26,1.0,0.15,70.0
121,,242,0.0,0.16,1.0,0.21,71.0
122,,244,0.0,0.12,1.0,0.18,72.0
123,,246,0.0,0.22,1.0,0.09,73.0
124,,248,0.0,0.15,1.0,0.29,74.0
125,125.0,250,0.0,0.2,1.0,0.18,
126,126.0,252,0.0,0.16,1.0,0.19,
127,127.0,254,0.0,0.22,1.0,0.21,
128,128.0,256,0.0,0.16,1.0,0.13,
129,129.0,258,0.0,0.14,1.0,0.2,
130,130.0,260,0.0,0.16,1.0,0.2,
131,131.0,262,0.0,0.15,1.0,0.26,
132,132.0,264,0.0,0.15,1.0,0.12,
133,133.0,266,0.0,0.11,1.0,0.11,
134,134.0,268,0.0,0.19,1.0,0.17,
135,135.0,270,0.0,0.18,1.0,0.17,
136,136.0,272,0.0,0.13,1.0,0.11,
137,137.0,274,0.0,0.17,1.0,0.18,
138,138.0,276,0.0,0.14,1.0,0.2,
139,139.0,278,0.0,0.11,1.0,0.22,
140,140.0,280,0.0,0.14,1.0,0.14,
141,141.0,282,0.0,0.13,1.0,0.18,
142,142.0,284,0.0,0.14,1.0,0.14,
143,143.0,286,0.0,0.11,1.0,0.14,
144,144.0,288,0.0,0.1,1.0,0.18,
145,145.0,290,0.0,0.11,1.0,0.11,
146,146.0,292,0.0,0.09,1.0,0.11,
147,147.0,294,0.0,0.12,1.0,0.15,
148,148.0,296,0.0,0.14,1.0,0.13,
149,149.0,298,0.0,0.12,1.0,0.13,
